,X,Y,Class
0,0.6730591096758743,0.33999401354035164,0
1,-0.8349224752730222,-0.4287191500114381,0
2,0.30605643954463646,-0.37442634074073494,0
3,0.6081141432111749,0.6107153048169225,1
4,0.30930312884897515,-0.023313392790694873,1
5,0.13863141303890408,-0.3309305127655826,1
6,-0.9112125855259954,-0.1827164549969062,0
7,0.1215508955392557,-0.7271922833429989,1
8,-0.6128796348727398,0.14565709500585106,1
9,0.0027933697056846674,-0.6097704415205394,0
10,0.45519952711795664,-0.5018211255677433,0
11,-0.2614432306945358,0.1967283654425036,0
12,-0.6850954622286004,-0.1873414383013517,1
13,-0.1399164305606094,0.142449136589138,0
14,0.11420804134590722,0.8219073540393201,0
15,-0.31020578845643665,-0.4593407417089521,0
16,-0.3702258059535271,0.14930497197852505,0
17,0.7837036443373114,-0.5930061267737671,0
18,-0.11636280814682042,-0.9546404292681261,0
19,-0.6129944509944223,0.009343776635079066,1
20,-0.9792603664336759,-0.016909534583069763,0
21,-0.18965265345276475,-0.31699376197444357,0
22,-0.16164758499511406,0.8853662800717217,1
23,0.3410031866731102,0.6882159187316377,0
24,0.8892370246209425,-0.2817965509342494,1
25,0.7842890761268194,0.3978865587420618,1
26,-0.2114200099969824,-0.7266735785941665,1
27,0.532129922496522,0.49801812378107024,0
28,-0.1514009964832275,-0.1933414668882237,1
29,-0.6412710648309833,-0.40985050296158976,1
30,-0.8465804424845356,0.4213858962052153,0
31,0.9990208396985027,0.024472584194616134,1
32,-0.20901070194741653,-0.9043845067930332,0
33,0.03308456086529787,-0.44146741500977105,0
34,-0.7246204250774927,0.09298334478252564,1
35,-0.9226355757974208,0.09800732120344614,0
36,0.1383774642702845,-0.9733784761678127,0
37,0.40193515756644455,0.8544993622788443,1
38,0.10778011962886772,0.41237493545717213,1
39,0.20229629013327605,0.27917967122474335,1
40,0.10351101969024425,-0.6349154367195177,1
41,-0.18948217464631806,0.7811468653753455,0
42,-0.2814457674158055,-0.4209726648941681,0
43,0.5979198378295689,0.3994828918551419,0
44,-0.46497384814955206,0.010363474044516293,0
45,0.022899217494892682,0.33571582146532963,0
46,-0.7701851218529119,0.41989609022813135,0
47,0.03171665879537755,-0.035647405810397326,1
48,0.2092266218518534,0.12393778485928883,0
49,0.6242117807430266,0.06394651517100539,0
50,0.33085025612863805,-0.684810065579554,1
51,-0.4456385960732736,0.01744067244406589,0
52,-0.6819424620095655,0.417685218912935,0
53,-0.8555717167180141,0.24435005139718982,0
54,-0.584465453193082,0.6023854654092861,0
55,0.7597055678266063,-0.5257050308799166,1
56,-0.8755580819407538,0.45417686276033536,1
57,-0.1114022124713082,0.060488760558420174,1
58,0.4229584686272796,-0.46443975622598277,0
59,0.3683912067409837,-0.054320077982240075,1
60,-0.6692417031768444,0.3427875577581401,0
61,0.225167207631034,-0.43796728711036986,0
62,0.9182767001799048,-0.24688129935374872,1
63,0.1964712002900279,-0.5140047371853024,0
64,-0.1384583876937269,0.0794901778239497,1
65,0.6143446663489458,0.6045407703931853,1
66,-0.925805515095201,-0.09252258739823331,0
67,-0.2944512557051938,-0.06890979704587288,0
68,-0.7757048005226057,0.46016910894930607,0
69,-0.9844664963737283,-0.06554025749529997,0
70,-0.6282468856165975,-0.24601440912729286,1
71,0.022087133602074763,-0.2543443298721842,1
72,0.1322865879919594,-0.2389105458160322,1
73,0.29509986580300535,-0.36760765285168834,0
74,0.630539907547294,0.34360007233710765,0
75,-0.3381209416841059,-0.3968837176567424,0
76,-0.3597714276663042,0.755017041970925,0
77,-0.5537228692920838,-0.13737987169974075,1
78,-0.003966089519185767,0.21940089227967488,0
79,0.9631102179620489,-0.08624738280043323,1
80,-0.8790898896961822,0.09704295442958825,0
81,0.6024607091326499,-0.7940146646827753,0
82,-0.5466885085935521,-0.4862174274978939,1
83,0.6283335719582461,0.31298023327023666,0
84,0.01535903530120089,0.9044664811117014,1
85,-0.6588822589363672,0.5631807029278919,0
86,-0.8872698214950171,-0.28162804619642456,0
87,-0.26124323420231976,0.009221420240146886,0
88,-0.6235388351706437,-0.3975682293959044,1
89,0.8208138512078964,0.2357292079570632,1
90,0.4782074637299819,0.7997811458013249,1
91,-0.6720991349265915,0.2902183772697338,0
92,0.4798731929517374,-0.5519168323255342,1
93,-0.46809564555617017,-0.3494793262772289,1
94,0.033366590264462224,0.011868910641586026,0
95,0.6363070222034832,-0.6864772743864394,0
96,0.13919039638472216,-0.004285694282633963,1
97,-0.02241429415398535,-0.6834706441179084,1
98,-0.2357450762137187,-0.023218355099549615,1
99,-0.7580917186155196,0.5487474232713634,0
100,0.2007875482272583,0.9676436734343031,1
101,0.21932795963134016,0.17930755566977796,0
102,0.6538178104962105,-0.6544519523853136,1
103,-0.3735690848057829,0.8940496355392502,1
104,0.036280472832701596,-0.7204657582051769,1
105,-0.7034965936404945,-0.27672518786735273,1
106,-0.26697493367374653,-0.3122293466526009,0
107,-0.7254486102830889,0.3127607788053937,0
108,-0.45607788006722244,0.2661744168565634,1
109,-0.6373978356823996,0.21432529901570913,1
110,0.423115984833103,-0.3686212051259612,0
111,0.750102408823351,0.5358964650198267,1
112,-0.6884392217073557,0.32155305519694427,0
113,0.6506872311705707,0.2595446851565098,0
114,-0.06561946328995832,-0.2273285086666728,1
115,0.27141995908962396,0.4931092012868804,1
116,0.027215431678639535,0.1381265213195372,0
117,0.6366072577387165,0.17876353189924557,0
118,-0.7151685743840558,-0.5153730668964178,0
119,-0.25267645616752793,0.7416036340236263,0
120,0.5447820040184658,-0.6333309257240165,1
121,-0.36194797244567745,-0.5470273160001597,1
122,0.2835699608003498,0.45434508489650594,1
123,-0.7251351610027268,0.2281071536407948,0
124,-0.14784103770821905,0.41799884723151604,1
125,-0.2135349444236305,0.9647770174665503,1
126,0.19438802132733676,-0.9582330556147373,0
127,0.2095750197780058,-0.2923232691740974,1
128,0.03614843705153079,-0.5048356678712743,0
129,-0.7407970636129693,-0.2520355368194265,0
130,0.3840044125633733,0.6747648045664559,0
131,-0.5182801578167779,-0.389121010849533,1
132,-0.8135924243606258,0.45245696985982997,0
133,-0.5893448816191155,-0.7711330157583689,0
134,0.5626080169399523,0.03909878210900448,0
135,0.31666902755320436,-0.5857031219436298,1
136,0.010160413820047195,-0.5022598079398972,0
137,0.3712891207446288,0.8219531073488453,1
138,0.4657148249227575,0.23706399235718364,1
139,0.505347776329928,-0.7205587900366095,1
140,0.45169547546600125,-0.11947815930087564,1
141,0.2698409120119272,0.3684512649888758,1
142,-0.20168209071313198,0.378664508370725,1
143,0.5941067576126989,-0.06536188013178039,0
144,0.3737865899752011,-0.14299895919455782,1
145,-0.5048817984274973,-0.2775117021176901,1
146,0.21072670890146838,-0.11317590805501421,1
147,0.2134600929613554,-0.31974511953206197,1
148,-0.14655734748323185,-0.5593825578149487,0
149,-0.6501733307328396,-0.2069222688528714,1
150,-0.5240034234928757,0.5831190152463667,0
151,0.0012388572196099013,0.6629398534966713,0
152,0.6745298596136895,0.1673928103576421,0
153,-0.5486099087808818,-0.7191029114299481,0
154,-0.5027870107580975,-0.8594331055078499,0
155,0.0008484096735556444,-0.8856385350924123,0
156,0.2879984580827181,0.3886066549377185,1
157,-0.5735315984726355,0.21061700048959883,1
158,0.7279218315427421,-0.004978224356525109,0
159,-0.3111030094888351,-0.7748269287541938,1
160,-0.18421148145857627,0.9651742830164449,1
161,-0.1951190318560373,0.14858018252877744,0
162,0.0825856452577734,-0.8507729103644311,1
163,0.1868842929427525,-0.4615959926090289,0
164,-0.8503372723893259,0.4496302455265223,1
165,0.9548013519208707,0.25717032722804145,1
166,-0.3415264995185741,0.561779994219636,1
167,0.4178573260838709,-0.7476640767345984,1
168,-0.8511774651025188,-0.003861608680852461,0
169,0.30632334661353455,0.695987232702527,0
170,0.02012852984650589,-0.8496898133839526,1
171,-0.41906620735248473,0.0008297532576820712,0
172,0.022181146315693335,0.4167893007184029,1
173,-0.19009326993715725,0.5843512157477546,1
174,0.5562399961656409,0.08917996456904614,0
175,0.054654998196166954,-0.2621013613660573,1
176,0.07970155157487001,0.33218038416519763,0
177,-0.9308484186059947,0.3305796346586652,1
178,0.6449998837172798,-0.14662945066015018,0
179,-0.39617849181306025,-0.003887894490941017,0
180,-0.7690604539693849,-0.2659897719553775,0
181,-0.2584730934757542,0.48980272551063647,1
182,0.19983625093713997,-0.4074025943618723,0
183,-0.21937241766365462,-0.6712512775366744,1
184,0.7271199070282658,-0.4967556747939196,1
185,0.502960380397519,-0.8005122648196739,0
186,-0.43925481447857473,0.10268821293083033,0
187,-0.5576208204283463,-0.2183957937344007,1
188,-0.0800988826109773,0.16133565227544724,0
189,-0.5355221304613219,0.12693675951432415,1
190,0.01410274314479806,0.532262542594659,1
191,0.1808851921859919,0.2979440125965408,1
192,0.2071571834649586,0.17727626498834667,0
193,0.727515277029266,0.2826559033249576,1
194,-0.4173828629592857,-0.10080073372991892,0
195,0.7413985210797653,0.44492222431861095,1
196,0.0701342931531598,-0.8690822051267433,1
197,-0.14846467846840652,-0.9139755677012423,0
198,0.4583344099426136,-0.8288530780697042,0
199,-0.8290390669315093,0.369475127408007,0
200,-0.6467675518002846,-0.31592474345547217,1
201,0.22866417267636638,-0.6135994826134908,1
202,-0.18228477201138282,-0.5485907489411344,0
203,-0.6936947295205673,0.15959947527873464,1
204,-0.9153424704037516,0.07347139440398417,0
205,-0.4401335434017698,-0.2689511165850092,0
206,-0.8725869718553049,-0.14961193916690713,0
207,-0.18426111632213618,-0.8797631598434766,0
208,-0.18471044081024823,-0.9030227180069899,0
209,-0.24151998769100308,0.6965794086031487,0
210,-0.4827450054253318,-0.7170256647388802,0
211,-0.1588446670184561,-0.4011904871943013,0
212,0.39996957440949654,-0.20521759858960698,1
213,-0.44876787354061737,-0.7512990819871088,0
214,0.2556200150501169,0.9486730695486362,1
215,0.023331214354970684,-0.19427302251168688,1
216,-0.7683468955280208,0.2559060288427693,0
217,-0.2567459996828166,0.09538974267325796,0
218,-0.33151966753768675,0.42145836953802396,1
219,0.8515428306767789,-0.02829935224267561,1
220,0.07677551262768127,0.47715541762779673,1
221,0.14186370185104263,0.5340990815547008,1
222,0.4135080949804172,0.7080336886557537,0
223,0.5992902423668303,0.6027008076476125,1
224,-0.00670107215867059,0.3773034117501087,1
225,0.6908654891573449,0.0945196019638155,0
226,0.03640134806469976,-0.28109149751616086,1
227,0.24579119814133463,0.4935506315469005,1
228,0.07764638325552994,0.8943777699239607,1
229,-0.23180698406318326,0.02764373475252704,1
230,0.16971980663787886,0.2350760315515926,0
231,0.010958812695392913,0.4306220650863409,1
232,0.7302953886206115,0.677071514257722,1
233,-0.4252301797778052,0.806506233180948,0
234,-0.0769509245770774,0.3467321695596231,0
235,-0.4672828035886894,-0.44401856554898744,1
236,0.6605535623091244,0.28368073405661115,0
237,0.43141224990518495,-0.4980729752828195,0
238,0.7725734626842651,0.03948550884010269,1
239,0.032036940455104974,-0.8049259229333959,1
240,-0.9673524647726032,0.09663863916885153,0
241,-0.5348982701221782,-0.2027798926871803,1
242,-0.7521721325579234,0.20734423496757512,0
243,-0.872357192618863,-0.2518369222440283,0
244,0.22322212130723793,0.5770122753814105,0
245,-0.4221582868425903,-0.47128259076827167,1
246,0.5410041372831261,-0.25299343489912035,0
247,-0.4775850486550936,-0.22755018040758296,0
248,-0.016810811005379414,-0.1501770531218251,1
249,-0.23216439819180157,-0.003490183897519698,1
250,-0.8240934155497008,-0.1581313586003737,0
251,-0.5111513538484468,-0.0012758070506638886,1
252,-0.740356718159031,-0.4379190455425647,0
253,0.19217608085025573,-0.18151912536410997,1
254,0.4945708789563521,-0.4216747849931133,0
255,-0.2234736809083399,0.7955948999897433,0
256,-0.32946306817850635,0.10091975394767251,0
257,-0.7737935951838394,0.346108854491755,0
258,0.6996771333760332,0.21936987342322328,0
259,-0.37645414331707616,-0.9254774882735056,0
260,-0.8585592697493498,-0.4581306729261118,0
261,0.6706324505591236,0.23792868937381215,0
262,-0.17926787892206844,0.6692105257361433,0
263,0.4626965158482591,0.5084338759002424,0
264,-0.052058834070038654,-0.38688860835357924,0
265,0.8551903861475043,-0.134172032407714,1
266,0.47152591490676876,0.46814959247929344,0
267,-0.48942489423807667,0.2353966115818006,1
268,0.7434694099995293,-0.4277789811154762,1
269,-0.11690690867942294,0.9457792023832855,1
270,0.78498230559965,0.4555698884695504,1
271,0.5468701229904073,-0.2605413707342265,0
272,-0.27562481974721237,-0.09359830895264946,0
273,0.6559508187576975,0.24548941992894333,0
274,-0.06969410618178253,-0.5204400645330648,0
275,0.7407988141032573,0.09472194861318402,0
276,-0.007616915676078244,-0.42881523232415053,0
277,0.6171590371374837,-0.6280898276216661,1
278,0.4496510174037909,-0.20629237297634376,0
279,0.5346734813446898,-0.7164303238446448,1
280,0.7385146447510857,0.6687316426284011,1
281,0.06090030341240328,0.2032749260330706,0
282,0.9216699873878549,0.2504634359153635,1
283,-0.031344388953931226,-0.4199148948931263,0
284,-0.4161469899832227,0.37120578081969924,1
285,-0.45822339083427654,-0.7900294773004989,0
286,-0.08553902932699564,0.786698458869146,0
287,-0.8304783775083246,-0.33583145979283624,0
288,0.513558339680962,0.6812463901930669,1
289,0.469199176210214,-0.5391482332808749,1
290,0.38281993992119967,-0.4162611233535934,0
291,0.39966942578026193,-0.8051886290630282,1
292,0.7109677625603499,0.5319403366771285,1
293,0.32539479981798536,-0.6353276205046217,1
294,-0.6046417271024727,-0.5036972766097731,1
295,0.9180827028626971,0.22412950735557619,1
296,0.11709947051043193,0.935570291889705,1
297,0.2252218234485925,0.7804452112603395,0
298,0.20227919543710066,-0.5018045020863388,0
299,-0.007516556747487103,0.24046765313911367,0
300,-0.0710143771740824,-0.7602910431574647,1
301,0.14533506686352682,-0.534505216137446,0
302,0.04623932167514833,0.9513379880322819,1
303,-0.33152937455869175,0.07244464484233192,0
304,-0.30223978383038913,-0.22652960285186058,0
305,0.33067320029380887,0.8768024697607688,1
306,0.33841524707941667,0.1771638450945014,1
307,0.00817760402110926,-0.10470060250981782,1
308,-0.2066261462230796,-0.5667641325698067,1
309,0.3265215691345823,0.33132651044069433,1
310,-0.30287994261766676,-0.7701804222237468,1
311,0.3468572244728315,-0.4615826599155352,0
312,-0.20448213863899647,-0.13041450880257308,1
313,-0.20576822601246156,-0.42161202747225857,0
314,-0.33841984863116653,-0.556981207192669,1
315,-0.4838099853795588,0.001837644075506318,0
316,0.8570452743431698,-0.0642341481413837,1
317,0.0481697604618341,0.1093785217780365,0
318,0.03530534996542582,0.5473083080239001,1
319,-0.2792613937865089,0.3423079484109888,1
320,-0.548364295789116,-0.7788343548997311,0
321,0.3285040747087548,-0.6458992275214899,1
322,-0.44466359250321236,0.1320453851832687,0
323,0.2810161715081179,-0.20445147242601622,1
324,-0.7615159458450651,-0.3390913259232788,0
325,0.6117362058995541,-0.3872076097661991,1
326,0.31860385416503734,-0.8931123795095766,0
327,-0.010380744354674313,-0.6180980133181634,0
328,-0.7435390529493083,0.3252677847321352,0
329,0.8139570610210851,-0.13130944090665814,1
330,0.03823014092496124,-0.01933496081864595,1
331,0.08916929942058661,-0.9901564949889408,0
332,-0.9099548582437821,0.41286318311978004,1
333,-0.8934583025606055,-0.3335150881913612,0
334,0.7759628486102177,0.12140470582319726,1
335,-0.5825973103077154,0.23111860310580867,1
336,0.40676150511469755,0.4127963501053005,0
337,-0.5433659103284342,0.5124889282393625,0
338,-0.5004641248343675,-0.5517907500528749,1
339,-0.1291632111993219,-0.2623948855864001,1
340,-0.45009955761776804,-0.5024453249418372,1
341,-0.04529962606621623,0.3117256597845074,0
342,-0.7359185596067839,0.0625710533204298,1
343,-0.47928592216787796,-0.09328762798177519,0
344,0.7652145614417287,0.2442151654519757,1
345,-0.8347034946235768,0.32440923935543614,0
346,0.6970175969422023,0.17105104739243712,0
347,-0.6473755826113611,-0.35145530397682595,1
348,-0.43690259786532526,0.27232508572645564,1
349,-0.3896025845391367,-0.017839019769282774,0
350,-0.7526130678802234,0.5770020878223318,1
351,0.8181812092717966,-0.1572439161829333,1
352,-0.12180720907282529,-0.6240337357770311,1
353,0.6246914923873114,0.11625089555692629,0
354,-0.9850309374150042,0.14852570357680386,1
355,-0.8162155697229032,0.2888538232760902,0
356,0.1205068288508077,0.820822782865961,0
357,0.11460865914049241,0.5335629879740102,1
358,0.2762304311130547,-0.842243327499083,1
359,-0.2105889711624393,-0.3827457851594235,0
360,0.6650919388783343,0.031518188638930925,0
361,-0.373727760352423,0.37510437738870234,1
362,-0.3187554621590407,0.25268484943642405,0
363,0.8529796848945688,-0.08221867882245924,1
364,-0.43436041797706315,0.2668038309263117,1
365,0.6362241230745749,-0.7250638366272799,0
366,-0.1872803399286092,0.6062638888312109,1
367,0.18784865321553293,-0.46314535109033667,0
368,-0.7222370210248955,-0.13495488812493286,1
369,-0.07692793527119646,0.2112727530992596,0
370,-0.08344253075875874,-0.16530264560970903,1
371,-0.6888618169361846,-0.29856320754052207,1
372,-0.13279749651262024,-0.0884987639764074,1
373,-0.5440273560242421,-0.18129545728816576,1
374,-0.5802183644232745,0.539664779494935,0
375,-0.08260781280303046,0.8870958251796535,1
376,0.15847899289652742,-0.8615083603473558,1
377,0.6215920059790722,0.5511935623773707,1
378,-0.61054285434239,0.6148841174252714,0
379,0.30212665989351856,0.6736185553295855,0
380,0.5296110248808448,0.5964635041667323,0
381,-0.09688648816972924,0.6001739024715635,1
382,0.44331731802917224,-0.6234356409566361,1
383,-0.21807682377810814,-0.7113899921766864,1
384,-0.025617819472006892,0.3186570169013128,0
385,-0.1539346439667433,0.16861573428532808,0
386,-0.022828895182960118,-0.17333837398585059,1
387,-0.8455914848483383,-0.20569421315590658,0
388,-0.7724883919361524,-0.628721875830193,0
389,-0.45770432998868804,-0.16745124652044924,0
390,0.5546041954889928,0.15484633232495976,0
391,-0.8632878820631775,-0.17033775007822885,0
392,0.7133753357123054,0.480399430145858,1
393,0.25002195666348737,0.7479001700650815,0
394,-0.7786119040162491,-0.4907371581963499,0
395,0.7057176741435409,-0.4154721308762015,1
396,-0.08080144083452091,-0.2779921063212291,1
397,-0.6201310125541347,0.131343358468291,1
398,0.7667529787510344,-0.6408612771172261,0
399,-0.2875019318296227,-0.9085375664518667,0
400,-0.09676644109579516,-0.36816400768407126,0
401,0.4865210211814189,0.3840100290209906,0
402,-0.009702911812552482,-0.9339664873071758,0
403,0.16780072941709306,0.1886432132818922,0
404,-0.6716430642091271,-0.3360831815351715,1
405,0.31435660619175615,-0.8228327277027607,1
406,0.8312989799369638,-0.024160265465744672,1
407,-0.4153550444457994,-0.14274566969829516,0
408,-0.24420644090455268,-0.8320947557225397,0
409,0.0640124456156171,-0.3004187162244475,1
410,-0.35591048047354296,-0.8129860368173639,0
411,-0.5979106270434428,-0.6681295699170849,0
412,-0.41607182231434703,0.5572962368312704,0
413,0.29078087799086433,-0.5427583519840412,0
414,0.29491336937988927,-0.4654564330313356,0
415,-0.2684081786266265,-0.440858899485792,0
416,-0.5463031336231757,-0.5845369834401271,1
417,-0.47835207065479607,0.32554805465586767,1
418,0.26693247973460066,-0.3227207381796868,1
419,-0.3072472948484832,0.09917166677228512,0
420,0.7345088445758977,-0.3606903499056493,1
421,0.5270026275757638,-0.008820540293263929,0
422,0.7646770993232488,0.2665309923631338,1
423,-0.6332189615800952,-0.5350848424338922,0
424,0.814106258402943,-0.154573875643107,1
425,-0.5067239458151239,-0.7718744963253568,0
426,0.8375127495218857,0.38848195086401066,1
427,-0.4142934679716089,0.38685877668923296,1
428,0.7034752490974738,-0.4348318532007401,1
429,0.8222298989509201,-0.5139241687233224,0
430,0.056031313386547564,0.9935202273186736,1
431,0.4543088394275865,0.4902346423034316,0
432,-0.13938156343401656,-0.6916850029785405,1
433,0.7279159050717163,-0.3054203623146921,1
434,0.22364993641691236,0.5442226464223144,1
435,-0.6813243765308798,0.06600276299499697,1
436,0.4431866378530468,0.22523349385924327,1
437,-0.4512605372320614,0.4508091075914312,1
438,-0.08998343370940756,-0.8376978165472051,1
439,0.39405888254097926,-0.7968951370428113,1
440,0.5486495621808618,-0.5953004780998206,1
441,0.8751687167239962,0.36863076006545237,1
442,-0.5469746467741747,-0.136812563745986,1
443,-0.622736857653062,-0.11482227787049104,1
444,0.513249778823105,0.7618170885318521,1
445,0.9012795523824344,-0.3497328955656244,1
446,0.36284845525531356,-0.6665835592174061,1
447,-0.18924985868157343,-0.6162259308795395,1
448,-0.0707214820134137,0.33336403855307173,0
449,-0.4443677030794075,0.2901393650337393,1
450,0.23817593896024414,0.09291037667152277,0
451,0.9042021435460778,0.31966115241091236,1
452,-0.16300916411667038,-0.17081477889779378,1
453,0.43510673291370705,-0.6607379925678206,1
454,-0.6384330548939474,-0.33666592198363726,1
455,0.41811057996858114,-0.08488549051775775,1
456,-0.8895806626764564,-0.052930630016263046,0
457,0.6194066185864319,-0.38347507870952385,1
458,0.18704410587830844,0.7584915401717741,0
459,0.5657997813190996,-0.405010574641548,0
460,-0.438747620630499,0.7443489432876397,0
461,0.20509135214277524,0.03315514561013748,0
462,-0.04329463955718553,-0.7883037337595888,1
463,0.9010492519167713,0.3063195986255392,1
464,0.14091851556610702,-0.6705683541027954,1
465,-0.9049831488783069,0.004419763095166473,0
466,-0.30050088233005434,0.39113743336850665,1
467,-0.9105485744914018,-0.09995806955211832,0
468,0.3419589920981653,-0.6783306782522032,1
469,-0.19886774811723557,-0.04872002556114517,1
470,0.41352506449976034,-0.5862005297285945,1
471,-0.21757983438949463,-0.31065456165141586,0
472,0.5680271781241443,-0.2188114778275154,0
473,-0.24383913081813172,0.5739707553534387,1
474,0.8184802533570945,0.150778621177957,1
475,0.5434751439085738,-0.775157730870323,0
476,0.003360801288814096,0.2357559344911266,0
477,0.3478023117851493,0.3781319445883733,1
478,0.6129554384099977,0.5565666469907583,1
479,-0.8256010308649202,0.06596544841369259,0
480,0.26283047173543084,0.623091923383622,0
481,0.42026546967582273,0.30495187596786305,1
482,0.9371155961644221,-0.021921906027727495,1
483,-0.14514608169019452,-0.8898330387258201,0
484,-0.4256253139147446,0.22962030832321131,1
485,0.5863150768310006,-0.5928666380080724,1
486,0.19216827333552935,0.049277922575638615,0
487,0.7377369545183302,-0.39551185543226386,1
488,-0.5130301268360405,-0.6012706708737043,1
489,-0.03816383070594886,-0.7077980440300867,1
490,0.29460815311161914,0.8804647282828885,1
491,-0.06382563263357006,0.9313640408020273,1
492,0.322876847502808,0.1541812114361298,1
493,-0.3003878162403597,0.5944270411120866,0
494,0.6370502475865708,0.032870930107743564,0
495,-0.09741072381957676,-0.11201126320851072,1
496,0.1259966766648656,-0.04408990184143748,1
497,0.02617654804260322,0.6270287935673906,0
498,-0.2557258359685796,0.7942784150360184,0
499,-0.43075574546003004,0.5781323882666108,0
500,-0.09924234231110472,-0.08669424332959765,1
501,-0.6165580556844923,-0.3678529187437008,1
502,-0.2968808911947124,-0.3485540526225295,0
503,0.028455172993622442,-0.6850976133707566,1
504,0.07362832864503925,-0.25985598753903344,1
505,-0.7273274046842658,-0.1307303602066162,1
506,-0.30051431603486645,0.7133870053369707,0
507,0.5442305377652604,0.6544780709955187,1
508,0.5905017048551722,-0.11244562318346363,0
509,-0.25738090429647786,-0.11330864847856649,1
510,-0.6391263972488601,0.7652297881500788,1
511,-0.5275804604490671,0.010674526704691696,1
512,0.49183628571190857,-0.04487139576641348,0
513,-0.739686884044377,0.6466186517412154,1
514,-0.23807655499250815,0.25895969668211094,0
515,0.08143509187032348,0.6005519050366529,1
516,-0.06921992253849035,-0.746457405287314,1
517,-0.08788850038465285,0.634629866211367,0
518,0.10079046101882162,0.9227058756214177,1
519,0.8017737344522162,-0.12632147318228978,1
520,0.12865055376262366,-0.6999716005311472,1
521,0.1778422930060968,0.15336897508793237,0
522,0.5252531731218163,-0.5071134783348141,1
523,0.3153479235314483,-0.3259167770290378,0
524,0.09724655550121492,-0.8700382484880442,1
525,0.14808317834015666,-0.0715978159643121,1
526,-0.22629077517876653,-0.7618265648739263,1
527,-0.009407828827743943,0.3688175008791751,0
528,0.5151511584586665,0.33692509220390104,0
529,0.09839041785910421,-0.23225937763139679,1
530,-0.4503573514320172,0.7588610715532759,0
531,-0.11055571334343882,-0.9843917522085749,0
532,-0.27245248266461014,0.7791843262895528,0
533,0.06358323914480589,-0.9068137328431842,0
534,0.3144749493244889,-0.8794132097310732,0
535,-0.3953615784735679,0.49840285102154636,1
536,-0.11134509608485178,-0.8482379541463827,1
537,0.0006972446011609745,-0.023770242914427163,1
538,-0.5906032544226573,-0.3912719448836017,1
539,0.8581222059825145,-0.4958062241216911,0
540,-0.6929131907134526,-0.2378776333318502,1
541,-0.22741987899001292,-0.6763056069682121,1
542,0.2555169077798283,-0.08786900159182488,1
543,0.9133527033741716,0.07250152925115076,1
544,-0.39022387375522105,0.6477386503485562,0
545,-0.43815141882925385,0.5162942206082297,1
546,0.5543146946526997,0.4793052253256223,0
547,0.585038990247602,-0.5900250200911459,1
548,-0.36204414027963916,-0.4902072275293448,1
549,0.821046789077649,-0.08341990583412467,1
550,0.8476003874909877,0.30938118472757753,1
551,0.9769901012067949,-0.19265798504896645,0
552,-0.633834647986074,-0.6743679389493176,0
553,0.9415219365180251,-0.014684778532442837,1
554,-0.3924424500043486,0.49760956165328507,1
555,0.7514298072389192,-0.23154500116548424,1
556,-0.023894160943748088,-0.04763095943355069,1
557,-0.19589944464146533,-0.12144220427474517,1
558,-0.0009738840726786383,0.17413800474079652,0
559,0.3115256549118124,-0.14584162863234282,1
560,0.7518044291995615,0.5010191636352994,1
561,-0.4285162805263308,-0.19772142848685906,0
562,-0.6000844297318092,-0.5276781406333076,1
563,-0.5210349187643872,0.25454260808315726,1
564,-0.5746493300251239,-0.42882378639839747,1
565,0.49138180173185564,0.45001774352495133,0
566,-0.3151297457662257,-0.6799387992300352,1
567,0.1418977083848278,-0.5266891162156545,0
568,-0.39535987709076187,0.4361387380576121,1
569,0.9372641333263091,-0.34212990226243983,0
570,-0.6632991687190087,0.3034149274930942,0
571,-0.1783719224777039,0.17149939714176216,0
572,0.517884599866824,-0.014715151778984054,0
573,0.6023865866440397,0.13466510949406546,0
574,-0.30615891630590764,-0.17545695244733178,0
575,-0.37739249027674215,0.05567438411636394,0
576,0.004763928764194601,-0.3849430115411186,0
577,0.6618300007716272,-0.664526173935554,0
578,0.25977651188531564,0.7596963612295833,0
579,-0.4452028490339939,-0.30000070053616923,0
580,-0.6607700363437277,-0.5366387049815463,0
581,0.13525205083548344,0.012484632032153331,0
582,-0.809127087507501,-0.13438349920383852,0
583,-0.2005960599459513,-0.9110839477638504,0
584,0.562377341016927,0.14743410401378929,0
585,-0.5687505872953905,0.5350893667197844,0
586,0.5415973426186549,0.301469515468661,0
587,0.6778483141263261,-0.057707993628514934,0
588,-0.595057646365247,-0.7010773320869166,0
589,0.21789505414267646,-0.3642463087369554,0
590,0.6147823400250264,0.3396710718358279,0
591,-0.2819441078707454,-0.3977556334419915,0
592,0.24951734311630547,-0.3921589038699479,0
593,0.5607925683315388,0.18161475671699193,0
594,-0.024259725535763745,0.7791694335442854,0
595,-0.21528398827363246,-0.23835641249417153,0
596,0.6206322606652271,0.24498763654811886,0
597,0.17143713165007024,0.006437579880417304,0
598,0.1088653853505235,-0.5455802409932895,0
599,-0.8823385390775773,0.2865457796055392,0
